              precision    recall  f1-score   support

         AAA       0.00      0.00      0.00         6
         AA+       1.00      0.12      0.22         8
          AA       0.50      0.45      0.48        11
         AA-       0.00      0.00      0.00         9
          A+       0.00      0.00      0.00         3
           A       0.07      0.50      0.12         2
          A-       0.33      0.50      0.40         2
        BBB+       0.00      0.00      0.00         3
         BBB       0.00      0.00      0.00         3
        BBB-       0.00      0.00      0.00         3
         BB+       0.00      0.00      0.00         0
          BB       0.00      0.00      0.00         3
         BB-       0.40      0.67      0.50         3
          B+       0.00      0.00      0.00         3
           B       0.00      0.00      0.00         3
          B-       0.00      0.00      0.00         2
          CC       0.00      0.00      0.00         2

    accuracy                           0.15        66
   macro avg       0.14      0.13      0.10        66
weighted avg       0.23      0.15      0.14        66
